%YAML:1.0
rotation: [ 3.3197820186614990e-01, -9.3747764825820923e-01,
    -1.0452846437692642e-01, -9.2929708957672119e-01,
    -3.0602622032165527e-01, -2.0677265524864197e-01,
    1.6185627877712250e-01, 1.6578200459480286e-01,
    -9.7278922796249390e-01 ]
hand_joints:
   finger1joint1: [ 5.2359879016876221e-01, -2.0071287453174591e-01, 0. ]
   finger1joint2: [ 0., 0., 0. ]
   finger1joint3: [ 0., 0., 0. ]
   finger2joint1: [ 1.3962633907794952e-01, -7.8539818525314331e-02, 0. ]
   finger2joint2: [ 0., 2.6179939508438110e-02, 0. ]
   finger2joint3: [ 0., -1.2217304855585098e-01, 0. ]
   finger3joint1: [ -2.6179939508438110e-01, 0., 0. ]
   finger3joint2: [ 0., 0., 0. ]
   finger3joint3: [ 0., 0., 0. ]
   finger4joint1: [ -5.0614547729492188e-01, 2.6179939508438110e-02, 0. ]
   finger4joint2: [ -6.1086523532867432e-01, 0., 0. ]
   finger4joint3: [ 1.4835299551486969e-01, 0., 0. ]
   finger5joint1: [ -3.7524580955505371e-01, -6.1086524277925491e-02,
       -6.9813169538974762e-02 ]
   finger5joint2: [ 2.0943951606750488e-01, 0., 0. ]
   finger5joint3: [ -5.1487213373184204e-01, 0., 0. ]
   metacarpals: [ -8.7266461923718452e-03, 8.7266467511653900e-02, 0. ]
   carpals: [ 0., 0., 0. ]
   root: [ 0., 0., 0. ]
