%YAML:1.0
rotation: [ -6.7402410507202148e-01, 1.6805309057235718e-01,
    -7.1933972835540771e-01, 1.6470742225646973e-01,
    -9.1507613658905029e-01, -3.6811283230781555e-01,
    -7.2011309862136841e-01, -3.6659753322601318e-01,
    5.8910381793975830e-01 ]
hand_joints:
   finger1joint1: [ -6.1086523532867432e-01, 1.3089969754219055e-01,
       -8.7266461923718452e-03 ]
   finger1joint2: [ -1.1431907415390015e+00, 0., 0. ]
   finger1joint3: [ -6.8940508365631104e-01, 0., 0. ]
   finger2joint1: [ -1.0297442674636841e+00, 1.0471975803375244e-01, 0. ]
   finger2joint2: [ -9.0757125616073608e-01, 0., 0. ]
   finger2joint3: [ -6.7195177078247070e-01, 0., 0. ]
   finger3joint1: [ -1.3613568544387817e+00, -6.9813169538974762e-02, 0. ]
   finger3joint2: [ -1.0035643577575684e+00, 0., 0. ]
   finger3joint3: [ -7.6794487237930298e-01, 0., 0. ]
   finger4joint1: [ 0., 1.6580627858638763e-01, 0. ]
   finger4joint2: [ 4.2760568857192993e-01, 0., 0. ]
   finger4joint3: [ 3.6651915311813354e-01, 0., 0. ]
   finger5joint1: [ 3.6651915311813354e-01, 0., 0. ]
   finger5joint2: [ 3.9269909262657166e-01, 0., 0. ]
   finger5joint3: [ 3.0543261766433716e-01, 0., 0. ]
   metacarpals: [ 0., 0., 0. ]
   carpals: [ 0., 0., 0. ]
   root: [ 0., 0., 0. ]
