%YAML:1.0
rotation: [ -5.9483923017978668e-02, -9.7255265712738037e-01,
    -2.2495105862617493e-01, -9.9813479185104370e-01,
    6.1048574745655060e-02, 8.5182136899675243e-08,
    1.3732858002185822e-02, 2.2453147172927856e-01,
    -9.7437006235122681e-01 ]
hand_joints:
   finger1joint1: [ 8.7266467511653900e-02, 2.0943951606750488e-01,
       -8.7266461923718452e-03 ]
   finger1joint2: [ 4.8869219422340393e-01, 0., 0. ]
   finger1joint3: [ 2.6179939508438110e-01, -1.5707963705062866e-01, 0. ]
   finger2joint1: [ -1.0908308029174805e+00, 4.5378562808036804e-01,
       -2.4434609711170197e-01 ]
   finger2joint2: [ -1.3962634801864624e+00, 0., 0. ]
   finger2joint3: [ 4.2760568857192993e-01, -6.1086524277925491e-02,
       -2.6179939508438110e-02 ]
   finger3joint1: [ -1.3962634801864624e+00, 5.3232544660568237e-01,
       -3.4906587004661560e-01 ]
   finger3joint2: [ -9.5120447874069214e-01, 1.8325957655906677e-01,
       1.7453292384743690e-02 ]
   finger3joint3: [ 1.3962633907794952e-01, 0., 0. ]
   finger4joint1: [ 0., 7.8539818525314331e-02, 0. ]
   finger4joint2: [ 4.2760568857192993e-01, -1.2217304855585098e-01, 0. ]
   finger4joint3: [ 3.6651915311813354e-01, -1.0471975803375244e-01, 0. ]
   finger5joint1: [ 6.8940508365631104e-01, 2.6179939508438110e-01, 0. ]
   finger5joint2: [ 3.9269909262657166e-01, -3.4906584769487381e-02,
       1.7453292384743690e-02 ]
   finger5joint3: [ 3.0543261766433716e-01, 0., 0. ]
   metacarpals: [ 0., 0., 0. ]
   carpals: [ 0., 0., 0. ]
   root: [ 0., 0., 0. ]
