%YAML:1.0
rotation: [ 6.8683737516403198e-01, -6.0766243934631348e-01,
    -3.9874908328056335e-01, 8.5285484790802002e-02,
    6.1222076416015625e-01, -7.8607392311096191e-01,
    7.2178995609283447e-01, 5.0589740276336670e-01,
    4.7232085466384888e-01 ]
hand_joints:
   finger1joint1: [ 4.9741885066032410e-01, 6.9813169538974762e-02,
       1.4835299551486969e-01 ]
   finger1joint2: [ 4.4505897164344788e-01, 0., 0. ]
   finger1joint3: [ 1.1344640702009201e-01, 0., 0. ]
   finger2joint1: [ 4.0142574906349182e-01, 0., 6.1086524277925491e-02 ]
   finger2joint2: [ 6.1086523532867432e-01, 0., 0. ]
   finger2joint3: [ 2.7925267815589905e-01, -1.9198621809482574e-01, 0. ]
   finger3joint1: [ 2.7925267815589905e-01, -7.8539818525314331e-02, 0. ]
   finger3joint2: [ 6.1959189176559448e-01, -2.0071287453174591e-01, 0. ]
   finger3joint3: [ 4.5378562808036804e-01, 0., 0. ]
   finger4joint1: [ 1.6580627858638763e-01, -2.4434609711170197e-01, 0. ]
   finger4joint2: [ 5.2359879016876221e-01, 0., 0. ]
   finger4joint3: [ 1.7453293502330780e-01, 0., 0. ]
   finger5joint1: [ 4.2760568857192993e-01, 2.2689281404018402e-01,
       5.4105210304260254e-01 ]
   finger5joint2: [ 4.4505897164344788e-01, 0., 0. ]
   finger5joint3: [ 0., 0., 0. ]
   metacarpals: [ 1.2042772769927979e+00, 0., 0. ]
   carpals: [ 0., 0., 0. ]
   root: [ 0., 0., 0. ]
