%YAML:1.0
rotation: [ -9.5881974697113037e-01, -8.3822683905054873e-08,
    -2.8401535749435425e-01, 8.7422776573475858e-08, -1., 0.,
    -2.8401535749435425e-01, -2.4829411415794311e-08,
    9.5881974697113037e-01 ]
hand_joints:
   finger1joint1: [ -4.4505897164344788e-01, 0., 0. ]
   finger1joint2: [ -1.6580628156661987e+00, 0., 0. ]
   finger1joint3: [ -1.0122909545898438e+00, 0., 0. ]
   finger2joint1: [ -6.8940508365631104e-01, 0., 0. ]
   finger2joint2: [ -2.3474678993225098e+00, 0., 0. ]
   finger2joint3: [ -1.3089969754219055e-01, 0., 0. ]
   finger3joint1: [ -8.2903140783309937e-01, 0., 0. ]
   finger3joint2: [ -1.6406095027923584e+00, 0., 0. ]
   finger3joint3: [ -1.1170107126235962e+00, 0., 0. ]
   finger4joint1: [ -8.2030475139617920e-01, 0., 0. ]
   finger4joint2: [ -1.6580628156661987e+00, 0., 0. ]
   finger4joint3: [ -8.4648472070693970e-01, 0., 0. ]
   finger5joint1: [ 1.6580627858638763e-01, 3.7524580955505371e-01, 0. ]
   finger5joint2: [ 6.3704520463943481e-01, 0., 0. ]
   finger5joint3: [ 1.9198621809482574e-01, 0., 0. ]
   metacarpals: [ 0., 0., 0. ]
   carpals: [ 0., 0., 0. ]
   root: [ 0., 0., 0. ]
