%YAML:1.0
rotation: [ -4.1075267631640600e-08, -9.3969261646270752e-01,
    -3.4202015399932861e-01, -9.2718392610549927e-01,
    1.2812301516532898e-01, -3.5201495885848999e-01,
    3.7460649013519287e-01, 3.1711554527282715e-01,
    -8.7126791477203369e-01 ]
hand_joints:
   finger1joint1: [ 3.2288593053817749e-01, 8.7266467511653900e-02,
       8.7266461923718452e-03 ]
   finger1joint2: [ 4.4505897164344788e-01, 0., 0. ]
   finger1joint3: [ 1.1344640702009201e-01, -1.2217304855585098e-01, 0. ]
   finger2joint1: [ 2.0943951606750488e-01, 0., 5.2359879016876221e-02 ]
   finger2joint2: [ 6.0213863849639893e-01, -1.6580627858638763e-01, 0. ]
   finger2joint3: [ 2.7052605152130127e-01, -1.8325957655906677e-01, 0. ]
   finger3joint1: [ 2.7052605152130127e-01, 2.1816615760326385e-01, 0. ]
   finger3joint2: [ 6.0213863849639893e-01, -1.0471975803375244e-01, 0. ]
   finger3joint3: [ 4.5378562808036804e-01, 1.7453292384743690e-02, 0. ]
   finger4joint1: [ 1.5707963705062866e-01, 7.8539818525314331e-02, 0. ]
   finger4joint2: [ 5.2359879016876221e-01, -1.7453292384743690e-02, 0. ]
   finger4joint3: [ 1.7453293502330780e-01, 0., 0. ]
   finger5joint1: [ 4.2760568857192993e-01, 1.3089969754219055e-01,
       5.4105210304260254e-01 ]
   finger5joint2: [ 4.4505897164344788e-01, 0., 0. ]
   finger5joint3: [ 0., 0., 0. ]
   metacarpals: [ 0., 0., 0. ]
   carpals: [ 0., 0., 0. ]
   root: [ 0., 0., 0. ]
